12 135 0
9 160 0
42 115 0
97 81 1
46 46 0
18 95 0
133 160 1
110 164 0
127 97 1
145 2 1
169 137 1
40 91 1
76 187 0
2 41 0
118 165 0
81 150 0
128 8 0
78 51 1
176 8 1
153 76 0
174 38 1
40 86 1
142 75 0
1 173 1
155 190 0
187 10 0
93 189 1
197 106 1
26 6 0
148 149 0
153 68 1
86 152 1
40 58 1
97 143 1
131 143 0
200 181 0
184 180 1
116 96 0
196 79 0
79 97 0
26 35 0
164 115 0
91 62 0
177 34 1
103 178 1
44 33 1
180 141 1
143 169 1
50 51 0
71 6 0
68 98 1
4 145 0
18 199 0
194 60 1
4 36 0
93 148 1
133 45 1
114 189 1
160 142 0
70 83 1
109 108 0
191 106 1
74 164 0
114 142 1
145 134 0
82 181 0
16 85 0
20 28 0
27 58 1
198 152 0
66 119 1
65 56 0
71 11 0
176 59 0
149 30 1
36 76 1
123 13 1
71 43 1
108 140 0
63 61 0
87 179 1
40 181 1
153 50 0
41 119 0
171 46 1
155 167 0
139 34 0
192 141 0
9 52 0
88 190 0
193 111 1
105 25 0
189 177 0
153 111 1
127 75 1
59 98 0
81 115 1
27 51 1
51 60 1
138 50 1
