161 103 106
78 50 414
198 96 40
144 117 402
82 82 438
42 140 238
56 154 500
130 9 387
114 196 62
99 141 357
43 43 375
119 174 456
2 189 471
108 156 225
101 143 441
87 38 462
2 6 175
170 191 254
134 196 118
193 177 37
193 127 454
113 150 144
30 145 453
11 191 377
5 86 358
142 139 359
10 95 209
171 62 477
19 63 254
133 17 377
136 3 256
168 70 427
147 143 131
146 199 309
172 44 111
64 54 230
52 169 253
100 45 73
38 63 133
181 60 21
114 141 373
56 25 361
12 85 268
139 167 409
59 194 142
117 119 489
26 40 269
85 195 455
54 58 221
45 186 323
85 81 299
73 184 54
143 95 386
37 14 351
190 54 130
132 183 115
103 131 3
178 52 434
90 58 248
167 162 135
79 177 38
74 106 466
140 147 228
1 70 211
112 126 87
99 162 285
104 198 374
100 74 199
102 56 6
153 71 88
183 93 353
93 10 301
133 194 39
109 192 88
24 63 28
18 175 481
111 56 460
10 7 157
4 56 137
47 121 468
73 55 5
115 180 219
185 5 373
88 109 292
11 45 318
178 41 185
26 39 282
192 155 108
133 124 499
84 120 253
162 35 209
10 10 499
18 141 347
18 72 228
50 42 168
104 90 89
150 138 37
110 188 341
147 61 112
163 64 377
