1053 1295 1005
963 859 2233
615 1369 2669
1859 926 827
1604 135 1375
497 1460 2779
139 379 1808
1394 756 3595
1019 828 2126
257 174 1242
1910 1916 621
229 1519 1747
1400 978 2690
967 1319 9
864 1422 833
662 1108 119
84 1063 2140
1745 288 4440
1713 1633 2767
1752 881 27
650 1863 4247
1671 376 4385
372 1252 2305
1127 1114 3527
50 929 557
1555 1443 100
890 1886 3298
1160 1047 4081
848 154 1508
65 1619 2039
835 1621 4543
607 148 324
1404 376 289
661 934 4352
1970 1033 4665
1454 793 1148
1484 9 1172
1119 1121 2024
628 1845 990
352 1248 3084
1484 187 4204
441 1172 1135
1786 677 751
557 953 1946
571 1295 3876
907 947 4983
1569 671 2111
588 1342 4200
744 1924 4656
987 290 4505
1432 808 3671
425 1590 4941
277 1804 1824
901 1084 4028
1467 1692 4636
1128 365 4352
1768 546 4708
1722 1164 1475
601 465 123
1952 1089 4075
624 778 1652
282 1454 130
970 756 2124
367 1030 2547
73 1112 768
1628 1015 1440
45 1086 581
1134 481 2448
262 354 2639
1181 1077 4487
1939 1431 2299
514 808 3099
1919 442 1531
1420 119 1395
744 699 4011
1102 458 1318
235 1769 544
129 1171 4285
1611 1065 2438
161 562 4904
1865 237 4692
1245 248 118
306 483 1183
247 351 4064
1303 1503 633
1977 300 4543
1404 1934 4900
1258 494 2018
503 1329 652
1547 1738 4043
1057 1243 2336
105 609 4643
46 940 3680
346 1009 2802
1785 985 660
385 1006 4818
667 746 3268
1245 728 3941
1625 1750 116
1076 1470 4922
439 891 2053
164 1071 129
1113 1503 60
245 1373 525
1654 1299 4515
988 1821 2411
881 1193 193
1219 1138 319
423 1008 1342
935 1708 3490
1769 1886 2041
118 327 867
1697 593 1157
800 597 2659
673 1129 2611
1046 369 263
1410 1297 767
53 542 1734
187 471 2918
1741 41 2132
1040 1277 2453
198 1647 2247
729 810 3794
427 1754 3886
921 1144 259
404 364 1569
1812 1575 1761
752 1440 4755
1428 541 421
11 395 3470
1430 1885 3047
1210 862 899
1164 399 191
516 282 501
258 253 3848
473 328 836
1331 920 3136
362 782 2101
142 980 4646
354 992 4118
1014 945 2941
1379 875 1809
591 285 4815
1948 1586 2043
1169 1050 1953
1416 94 1167
696 1055 1588
1367 1292 2197
1251 512 1331
1341 1625 80
964 696 5000
623 1862 2577
1782 1777 900
1913 696 3519
685 112 4069
115 850 3184
98 708 4999
981 120 4438
632 960 2769
1183 1494 4591
101 1992 1137
863 1588 1400
1005 1241 3901
670 1593 4822
1065 1383 4225
1179 1790 159
423 613 3682
223 865 2667
1621 1500 2415
85 122 323
10 1824 2784
986 35 825
58 495 2384
153 359 86
238 1510 3986
1283 1200 3458
1553 907 3920
509 902 1027
434 1978 1340
1281 1412 4253
1225 528 4923
1357 661 4778
1033 965 4194
501 1598 4965
211 861 124
671 728 1547
1918 929 3310
693 1456 550
78 1639 3589
86 896 2579
116 537 759
692 533 1950
1845 831 1271
1891 349 4444
681 269 545
439 258 3411
1061 971 4860
692 873 4725
1219 1811 3672
898 805 1693
514 1650 4137
335 104 3746
230 1297 3152
747 1554 1682
759 1772 2704
1894 1819 2133
1247 51 1180
295 688 4084
417 1483 262
165 1679 2712
1048 627 2569
1678 1020 2612
1993 753 3135
852 925 3958
1196 713 2907
1799 309 4584
335 1504 2397
1243 1893 2422
1814 512 3455
230 1639 1457
909 478 1502
1645 1869 2055
1563 1783 1366
222 254 3160
591 1758 453
1893 1851 4298
1753 537 142
128 1995 1366
1173 1224 4896
1788 955 4044
381 1850 1840
180 1690 3683
1868 1232 920
1089 1073 2224
1405 1094 1069
1102 1117 3011
304 65 2756
1507 656 3653
275 1120 4903
1349 1067 1312
1408 1784 2241
1303 1352 4498
102 407 2565
1623 704 1154
1676 1844 484
1043 130 3113
1008 353 3521
779 919 1591
813 882 1119
1919 1746 4968
1909 819 495
865 1956 2400
614 413 1531
1722 1796 610
1808 1071 4245
1275 950 2243
26 1131 1747
65 1876 1517
1485 1515 1796
201 1990 2591
1003 1210 4223
1020 1281 2901
1681 1654 1893
936 724 163
1247 603 1882
1985 1593 388
567 1018 549
340 396 2440
1154 935 4300
594 289 2016
1548 359 2295
60 1948 384
1921 1517 528
338 44 504
892 1777 1754
1398 237 4165
1659 1669 2545
777 1306 2427
781 265 2062
792 31 3009
862 1863 209
569 693 1543
1555 1518 1186
927 965 986
554 1272 4266
1628 918 1480
1531 1296 4851
1125 1966 2649
1280 1112 4113
430 501 1780
1580 1016 3123
1338 1830 1335
1541 256 484
1235 12 4644
6 1727 1024
1431 1178 3555
1263 49 21
1897 30 863
828 214 2662
1198 462 436
565 1882 920
579 856 857
1048 421 679
1812 1058 3281
1279 704 4419
970 513 4974
1144 794 4200
1863 1809 1803
1195 285 797
1256 1544 3440
212 1435 2642
1380 1167 1761
1497 721 4548
1271 1977 622
494 633 1926
414 152 3786
667 258 323
1439 645 3455
1377 1815 3801
557 1755 1535
1258 288 4499
357 1659 3698
1208 256 1636
1103 272 4036
630 386 1075
317 1683 4087
1755 754 1921
388 554 3392
1734 1834 1266
159 767 1618
956 879 1220
1795 1284 763
1071 163 766
1248 789 4595
524 118 1568
871 1481 622
291 1167 3309
668 25 471
1345 1694 1555
1399 85 4414
140 1814 1352
864 336 2025
1255 1279 1229
1418 759 838
397 1306 1364
1435 1059 2072
1465 1949 2172
1971 105 3983
1064 1865 1334
1479 1135 3828
1432 1627 3885
723 1165 4442
744 903 2947
877 774 1725
1683 1934 4434
1098 863 2278
1060 417 2357
179 847 2171
1427 1849 896
1220 1965 1222
763 74 2629
944 407 258
1094 1155 2157
1743 102 2890
1896 1886 1189
1254 79 3896
585 1849 3553
496 82 4753
32 1352 1105
197 864 2532
1635 858 4826
1400 1408 3317
1823 941 3379
1807 1519 4401
1968 423 934
651 1916 1925
1875 7 1080
77 88 4973
380 520 760
1403 533 139
1650 740 4352
1692 1199 3559
1021 430 850
687 1592 434
1045 323 3205
1662 344 3390
1670 7 429
1489 1828 2652
1703 225 974
1257 1814 1248
99 769 35
1243 1706 670
863 1760 364
1355 643 3589
1719 1356 166
512 159 1334
1324 349 899
903 65 867
1464 1857 765
1129 947 2221
22 1467 3899
1820 1005 1215
1513 1973 3470
230 1694 2525
624 1327 1027
1610 1099 4709
1486 414 2188
1952 335 1059
362 1803 188
336 133 3657
530 600 3602
1107 618 2907
1240 787 409
762 1443 686
1061 734 629
1191 1135 3693
1741 1296 1517
161 1910 1461
81 1035 4419
919 1297 4878
1143 323 1093
1238 1660 4453
1133 715 339
28 1625 568
80 238 2704
1953 362 4808
291 539 4054
852 834 1181
241 1123 3682
1656 1064 951
1227 1550 4114
1943 1603 1289
1893 1463 1567
1151 1420 3077
1366 1061 1708
1036 1353 4905
1110 194 1888
1215 133 4004
1134 934 1413
838 1850 556
219 1446 4172
550 1258 483
1198 1718 2091
660 550 3351
241 1569 3855
718 1237 1893
704 640 2735
1446 1680 2549
730 1713 1589
994 622 1253
110 21 1674
967 1142 3696
822 1386 3264
1374 1803 1478
1291 1489 4715
252 1440 679
1712 1625 1574
1325 574 121
337 119 740
47 977 3194
1278 1810 2733
1081 499 616
36 728 2256
986 664 2005
886 1279 3901
412 1654 1731
1149 1310 424
20 19 1601
986 1084 4105
1325 369 1694
1160 1288 4786
111 1119 737
916 1779 2821
1231 502 1568
237 800 4139
1034 22 392
960 443 3379
1995 1934 4829
1629 376 1170
1742 1793 4285
531 537 1917
1232 1304 4605
1236 535 2470
950 1735 141
399 665 2057
499 316 2709
675 481 1424
586 1585 1705
390 1384 1793
1410 445 2744
1217 110 171
10 1591 4223
1806 359 2195
1766 977 3656
13 1475 2755
1126 230 3692
1396 474 2491
1239 1376 2554
1222 1472 2376
1837 1454 3035
1421 649 383
753 506 3399
1273 290 131
687 1416 2471
715 825 4041
346 18 129
1033 1159 2512
430 404 1860
1041 1747 1568
924 1739 218
666 1988 4723
795 12 2414
895 240 384
1134 821 4080
568 574 3519
1378 1704 4117
1696 327 3647
124 360 1102
1800 1678 269
679 194 3118
1255 1651 4644
758 129 180
711 442 875
134 1944 2981
609 1636 333
715 245 4802
1013 1804 304
1707 1601 4319
611 303 157
1699 649 20
711 1225 4554
1677 174 4234
72 1364 4631
597 776 2308
1463 1156 1547
907 966 3130
1436 866 3564
113 970 4384
518 1817 3420
45 762 3796
1130 407 586
1343 178 2301
663 1294 1301
690 1982 4370
1395 1585 2659
377 1973 3826
494 1616 674
776 468 2781
1643 456 4968
461 208 3130
163 1198 2522
443 1857 182
935 783 4260
91 416 3444
1256 1214 3986
343 101 3602
97 1878 1925
1312 726 3534
415 1691 196
1853 538 2482
1086 1801 912
49 570 1363
1440 1059 4800
1972 1894 205
1706 1545 4290
1562 1451 3258
224 1413 868
451 35 3676
1387 1102 1658
399 58 1636
557 644 2529
694 492 1258
12 722 2083
1602 1242 2967
390 1544 3688
867 1563 2675
119 1158 1515
1280 789 4814
1697 1957 3377
1283 132 3247
855 1876 2400
851 323 3211
1839 259 2335
51 308 227
928 1152 3004
600 1790 3470
704 74 812
156 1810 2500
465 1442 175
1978 288 109
615 264 3054
589 216 3714
273 352 4372
1595 1826 1097
736 1793 767
955 1451 4741
1419 1073 923
1146 1388 986
669 1162 4257
446 502 4402
1081 944 1113
1753 1806 3789
1084 714 4572
518 745 4375
1447 1953 524
1293 1351 349
977 220 2449
1036 329 544
1413 16 4777
1051 177 1813
124 1441 2673
1221 237 4474
1381 963 591
1950 1338 3743
705 1895 1322
1130 796 1349
64 561 1423
413 710 4855
94 1068 982
1677 1861 1342
1236 126 3335
375 84 4388
706 215 1617
601 712 1750
725 1897 968
1572 550 1015
427 1236 4954
764 426 825
1024 1541 3776
397 817 1868
73 484 60
513 1880 1201
1068 1355 1247
277 1066 425
1047 1618 4663
274 1231 3041
591 607 4753
1526 1053 2460
254 1208 2513
1775 1338 3890
1982 766 3929
166 16 2731
1547 91 3506
490 1974 1921
1200 1432 3766
1983 1872 95
1573 1833 2282
1004 1722 3013
1433 698 3601
693 326 1345
1281 1857 1751
507 394 912
546 1280 1109
477 429 412
1509 1242 1098
954 99 4403
578 836 380
849 1690 3805
993 1386 849
788 1401 240
604 676 2759
484 756 3507
883 1980 490
1259 1558 2410
402 1055 978
1539 271 4690
1064 1079 1597
1076 1214 657
1295 338 4786
1237 1146 2309
180 1572 4720
1227 1999 2136
1686 1998 4853
475 347 1791
1704 378 773
28 1262 4580
884 1427 3637
919 428 2080
1344 1541 1162
573 543 1396
1330 607 776
1403 870 618
1241 847 43
533 551 2045
1228 1327 1314
1209 1204 1350
1106 332 4348
653 1681 3474
426 210 3493
1755 1511 3897
540 1255 2344
1632 1078 3936
1503 201 4137
989 537 3967
1143 1142 1981
1523 1366 227
690 1771 4153
694 606 3079
1946 198 1923
1785 732 2091
53 1841 2565
217 341 4304
1849 697 4160
966 1518 4204
615 776 789
241 1238 3266
1724 1725 947
297 718 300
1841 971 3338
175 1792 2347
366 379 747
934 109 1861
523 123 892
181 822 404
1740 81 2756
340 237 2429
671 1217 1915
948 1508 92
1416 528 1329
1555 1601 703
1006 370 485
1333 1866 579
1191 678 4921
937 1234 3628
1326 1418 2047
1915 556 97
1936 340 784
339 391 2360
1724 1076 207
1903 1282 4944
1726 46 4555
1442 5 4852
1648 1192 2114
1287 254 632
1333 1779 4194
1285 1926 1736
1453 1545 4880
55 671 1641
1218 1023 4148
780 378 4411
946 106 2279
1662 979 584
1564 541 2153
63 333 4454
326 862 1473
53 995 4091
1576 667 3579
1169 930 1659
370 1723 1610
298 1681 3900
1987 366 1618
1381 1642 4209
1712 859 778
1263 544 3504
1889 380 2644
721 1877 46
1684 512 1240
1859 820 1323
623 812 3283
369 1445 1784
1326 1676 1115
1381 155 2139
388 1223 291
186 47 4350
395 1648 4308
944 396 3483
1613 284 4302
1665 1915 3292
1440 790 4609
727 672 515
1914 1336 2894
787 748 3340
1609 1938 200
518 1637 3332
1315 1650 218
1414 1381 673
808 612 4343
1328 560 2287
1554 637 4678
586 1064 406
225 692 3267
1433 683 2480
1499 715 262
1700 1484 4504
1001 109 2265
1985 288 4017
312 836 4541
1161 1598 3274
553 1351 1890
1925 1580 1228
1194 1728 1917
1529 340 1178
726 1391 925
317 1413 3411
89 1351 3750
755 1084 992
953 1556 1034
1256 273 1586
302 1209 123
1984 1408 764
1025 1955 2871
1254 613 3393
454 362 4664
1079 1304 3226
391 282 3945
1142 1856 120
116 579 3825
1922 1784 3256
881 1712 2063
1117 195 2061
1519 1093 44
536 1027 3120
1832 1828 4596
932 1801 2667
1593 752 2159
215 570 2349
1162 1651 4892
355 678 4864
706 678 3702
1488 955 508
83 124 3089
1641 203 4944
540 167 2798
993 436 2143
885 1886 604
438 384 1674
991 411 309
1052 231 3007
1460 658 2792
1462 1381 1515
1909 1013 4628
1746 1928 4524
324 1870 2378
906 212 578
1502 489 1402
1030 80 4390
1324 1584 4687
1309 617 1148
1134 197 3638
1358 1695 979
1830 712 1714
1599 304 1422
1378 1177 786
329 1092 4064
1807 536 580
295 35 1834
106 1761 1144
333 759 226
1215 55 571
1353 726 955
1440 885 4095
1179 1825 954
828 547 4235
530 1108 2507
1178 734 3569
1951 1476 3091
137 893 2055
315 722 53
795 1346 1737
301 1653 1857
568 430 1799
343 675 4455
1309 1023 4283
809 1975 4354
793 1114 3336
568 660 3725
1095 1151 659
1125 1615 4604
943 1175 1334
1693 1301 3356
1239 1425 4065
83 1202 1243
1380 487 2349
400 344 2044
898 1480 3687
1970 1461 2984
760 1111 4358
844 739 427
876 1433 2430
503 173 4936
504 1856 3125
1149 1535 252
527 569 4604
1149 855 2184
730 1493 981
1641 1529 1613
1918 1082 1168
480 259 1288
557 646 1939
1895 398 4965
1674 1938 1436
672 382 2153
1093 847 1251
1066 608 387
822 679 4288
853 1387 1807
1702 1508 4044
827 794 4112
941 679 3552
1023 438 926
256 63 1782
1886 1050 888
1852 25 4785
1054 424 2475
401 119 1207
1436 1172 1571
871 1810 2663
530 1434 4087
1017 1761 750
270 1549 2237
238 1804 4691
1875 970 1701
1574 1326 810
902 575 2288
1072 609 1028
775 1531 377
1813 335 1367
1099 1898 3680
1154 233 1652
818 611 3753
1909 797 4980
352 624 1270
1762 522 801
819 1776 3500
708 410 2859
955 1293 673
1347 1530 1550
1528 1486 537
976 1670 1918
1337 177 1154
1929 1215 2717
831 233 4763
1790 213 1855
814 1048 407
1150 1457 3294
1991 1874 1128
408 65 3496
1451 721 4427
1507 1829 3017
734 780 4225
1089 656 3719
600 154 2304
1935 1528 1768
444 932 1286
326 169 4466
1301 945 4846
1863 1857 3355
291 1974 2297
625 162 3679
1331 802 198
1634 1423 4877
1257 1650 2378
1595 988 4386
265 1900 768
830 1230 1332
1059 754 1489
700 1866 4087
1259 1541 1820
1689 197 1286
309 299 3174
337 1268 3208
1374 1064 301
977 460 4733
1671 1585 4264
1777 5 3586
927 1268 1142
218 586 4546
794 771 4769
413 1258 235
455 1972 4997
1179 755 4563
835 1374 4615
1031 1828 4758
1740 1796 4455
249 1862 226
718 1395 1715
1883 82 1060
1316 911 1830
199 1730 579
1592 362 3680
289 1940 3865
787 154 1590
617 1598 1853
1431 411 4936
1818 963 3633
496 361 4406
109 1713 1594
1077 216 4161
1541 664 2984
1535 1812 4556
969 1272 2579
458 1253 2240
1326 1179 76
74 27 4394
211 1950 2792
269 636 565
44 428 2
1003 1004 3979
1016 175 3465
1596 1224 40
