1550 1003 13859
720 1465 9435
1800 1400 16800
1111 1292 11653
1181 391 9440
873 824 8583
835 563 7534
1922 468 14858
973 878 9445
601 1454 8569
405 535 4440
1442 791 12467
540 758 6054
333 1856 7899
597 1754 9441
1207 1341 12472
1419 156 10401
1672 280 12544
1385 1916 15443
209 1496 5951
1720 1819 17497
55 467 1786
1693 222 12517
998 557 8657
752 604 7076
1991 850 16487
410 853 5429
1589 177 11654
1064 1357 11519
1121 1472 12263
1130 673 9929
1757 209 12926
939 267 7374
802 1858 11188
1808 708 14780
635 104 4757
994 1105 10273
1094 333 8657
1593 1133 14550
944 1064 9800
1718 849 14573
1951 1632 18553
1211 1127 11858
534 1838 9252
1749 1057 15414
1731 199 12714
813 1691 10764
285 1001 4998
1704 1760 17208
1208 1092 11732
1066 504 8974
403 1356 6889
1248 546 10374
363 1317 6492
999 105 7308
1861 1815 18472
1825 428 14059
1284 1830 14478
1599 1692 16269
988 108 7240
292 663 4033
255 163 2274
976 969 9739
8 1364 4148
259 1859 7390
830 1575 10535
1608 1184 14808
900 331 7293
829 994 8785
769 1800 10783
683 187 5342
1142 1297 11885
1993 120 14311
1872 992 16080
193 1654 6313
1664 1301 15551
928 1986 12454
1081 411 8800
1639 753 13732
219 725 3708
1388 1237 13427
1523 761 12944
1544 1163 14297
349 1412 6679
896 902 8978
711 206 5595
373 59 2788
1324 556 10936
1149 1855 13608
1400 38 9914
1124 1222 11534
660 539 6237
1816 249 13459
496 380 4612
1753 1246 16009
1440 57 10251
1787 1763 17798
1969 26 13861
564 175 4473
578 1658 9020
1336 1267 13153
175 906 3943
385 1285 6550
442 168 3598
875 404 7337
1884 770 15498
1560 998 13914
545 80 4055
668 1670 9686
1505 1739 15752
436 1350 7102
1604 1051 14381
103 1457 5092
669 170 5193
256 1167 5293
543 766 6099
167 147 1610
1565 1381 15098
306 1679 7179
106 1894 6424
798 1010 8616
1275 52 9081
258 907 4527
1832 996 15812
1554 124 11250
596 1349 8219
712 544 6616
1777 1655 17404
1445 677 12146
314 979 5135
658 1636 9514
273 1944 7743
1472 711 12437
1244 1709 13835
1418 1758 15200
1534 628 12622
1023 322 8127
136 85 1207
765 1030 8445
773 497 6902
57 1669 5406
1383 1343 13710
639 143 4902
1766 1383 16511
1394 381 10901
1570 200 11590
96 61 855
1967 1414 18011
537 297 4650
767 1685 10424
1047 91 7602
135 863 3534
1007 1983 12998
1754 516 13826
462 517 4785
1408 869 12463
638 1850 10016
1230 1394 12792
850 858 8524
180 1380 5400
1173 171 8724
511 836 6085
615 821 6768
450 197 3741
1676 536 13340
1432 1331 14017
562 822 6400
1976 481 15275
647 583 6278
1811 1241 16400
685 1173 8314
1774 1532 17014
889 1608 11047
1204 1917 14179
14 440 1418
1460 695 12305
469 1510 7813
151 1842 6583
1197 551 10032
206 1109 4769
753 1598 10065
1986 1962 19788
1540 925 13555
427 598 4783
1827 1176 16317
265 1351 5908
1223 930 11351
1031 1885 12872
826 1055 8947
1040 804 9692
1290 1631 13923
1335 1433 13644
1246 973 11641
869 1307 10004
1848 1817 18387
739 917 7924
1209 817 10914
1852 13 13003
85 418 1849
1414 713 12037
1767 1936 18177
1183 1195 11866
517 724 5791
901 733 8506
1465 1063 13444
791 416 6785
1595 215 11810
1186 1809 13729
1828 315 13741
218 492 3002
1215 1479 12942
539 1912 9509
666 1172 8178
157 988 4063
1724 872 14684
1050 1458 11724
468 851 5829
1021 675 9172
1981 509 15394
269 1742 7109
1118 768 10130
272 781 4247
1477 127 10720
339 1745 7608
573 240 4731
847 959 8806
365 1845 8090
1107 1148 11193
1489 805 12838
796 1822 11038
433 218 3685
1167 514 9711
1387 338 10723
1785 1943 18324
1087 121 7972
1641 980 14427
951 248 7401
745 893 7894
1635 961 14328
252 1946 7602
61 842 2953
1352 262 10250
708 420 6216
1682 1403 15983
111 752 3033
62 854 2996
1873 1716 18259
332 367 3425
1750 302 13156
574 892 6694
1003 429 8308
248 1731 6929
1841 1329 16874
1182 866 10872
634 947 7279
276 356 3000
513 1152 7047
75 1988 6489
161 1198 4721
1660 265 12415
398 461 4169
575 975 6950
740 118 5534
1297 543 10708
275 958 4799
460 581 4963
598 355 5251
502 879 6151
1770 1690 17460
319 1250 5983
113 70 1001
916 11 6445
715 582 6751
195 904 4077
171 66 1395
31 512 1753
197 1990 7349
1519 1528 15217
1883 1860 18761
533 387 4892
981 885 9522
1939 606 15391
908 320 7316
1525 396 11863
1708 476 13384
866 540 7682
1359 1489 13980
1814 1401 16901
494 803 5867
204 1523 5997
646 1803 9931
1868 1849 18623
1845 1336 16923
1140 9 8007
1175 1119 11582
400 1114 6142
15 75 330
381 1634 7569
1202 1143 11843
1417 1054 13081
205 1279 5272
1637 32 11555
1953 816 16119
182 65 1469
1764 710 14478
1834 1884 18490
1628 1601 16199
1809 614 14505
1190 726 10508
1957 239 14416
665 576 6383
912 1549 11031
1685 1557 16466
16 799 2509
526 1368 7786
681 319 5724
24 485 1623
678 686 6804
228 1879 7233
569 1905 9698
482 1878 9008
913 1402 10597
479 146 3791
1788 1202 16122
1663 1554 16303
382 1226 6352
987 54 7071
1494 957 13329
600 1603 9009
1961 684 15779
1762 188 12898
184 639 3205
1606 670 13252
763 657 7312
1734 1230 15828
1258 1694 13888
1189 1935 14128
1346 482 10868
1895 1259 17042
164 1999 7145
781 1210 9097
903 1428 10605
80 1425 4835
340 549 4027
1156 439 9409
1448 305 11051
1917 1087 16680
591 198 4731
351 1717 7608
1687 42 11935
3 1714 5163
59 10 443
1201 738 10621
99 635 2598
178 1363 5335
1422 1829 15441
451 1459 7534
684 1812 10224
343 832 4897
1771 1137 15808
1187 1975 14234
1485 1619 15252
815 1653 10664
961 873 9346
1273 1617 13762
1017 1630 12009
594 1194 7740
911 1939 12194
868 845 8611
553 422 5137
726 349 6129
415 527 4486
1556 1110 14222
1709 1151 15416
127 1413 5128
616 890 6982
1144 298 8902
94 665 2653
977 1544 11471
1502 916 13262
107 1964 6641
1931 463 14906
350 111 2783
883 193 6760
1150 364 9142
1950 934 16452
1302 1065 12309
614 1483 8747
1481 1747 15608
1960 325 14695
1530 379 11847
989 1847 12464
22 1312 4090
1994 754 16220
1092 928 10428
727 214 5731
1162 648 10078
1839 499 14370
808 77 5887
1453 1688 15235
870 1519 10647
44 133 707
1610 600 13070
414 1314 6840
626 1836 9890
2 1900 5714
1101 270 8517
1930 1750 18760
240 1570 6390
1264 86 9106
1578 432 12342
477 601 5142
1015 1234 10807
761 1126 8705
105 1405 4950
1011 1045 10212
804 151 6081
1008 375 8181
1242 337 9705
823 415 7006
1863 1783 18390
1716 1131 15405
897 330 7269
729 480 6543
899 230 6983
370 1791 7963
1937 448 14903
651 1371 8670
1543 1782 16147
262 792 4210
622 647 6295
1117 1056 10987
775 1591 10198
419 1602 7739
541 1370 7897
927 1228 10173
1533 1096 14019
909 116 6711
1464 793 12627
1564 1287 14809
552 1145 7299
181 269 2074
1958 45 13841
1876 1571 17845
858 963 8895
150 149 1497
1699 659 13870
854 608 7802
1972 1323 17773
179 444 2585
229 1985 7558
78 1525 5121
133 1099 4228
1791 1675 17562
841 1966 11785
56 676 2420
1286 241 9725
191 194 1919
884 1781 11531
1996 1715 19117
341 745 4622
1973 1050 16961
1044 1607 12129
1980 1160 17340
48 1704 5448
612 880 6924
401 801 5210
1577 1053 14198
1236 1278 12486
93 1146 4089
524 53 3827
1500 1816 15948
942 233 7293
1849 125 13318
653 1238 8285
1798 1735 17791
1673 261 12494
35 1733 5444
921 135 6852
836 1282 9698
628 1648 9340
1238 1662 13652
1493 1908 16175
974 1871 12431
1756 1661 17275
474 511 4851
1475 618 12179
580 707 6181
1048 1793 12715
1711 368 13081
1590 1427 15411
532 1808 9148
649 982 7489
1132 51 8077
77 655 2504
310 403 3379
702 1299 8811
1377 744 11871
1080 667 9561
568 1732 9172
731 983 8066
1988 1024 16988
392 99 3041
1763 1896 18029
425 252 3731
1457 150 10649
457 966 6097
115 841 3328
380 472 4076
1772 1777 17735
790 185 6085
39 688 2337
879 373 7272
933 704 8643
1287 1352 13065
1557 1376 15027
1974 1084 17070
1541 593 12566
1643 1504 16013
165 595 2940
1301 1584 13859
1234 1150 12088
1669 69 11890
633 292 5307
481 1273 7186
1415 1409 14132
1878 937 15957
134 203 1547
1390 1408 13954
865 1723 11224
777 1017 8490
1112 251 8537
1303 672 11137
1479 1468 14757
1256 1430 13082
69 1605 5298
756 314 6234
941 73 6806
595 244 4897
64 400 1648
70 437 1801
453 931 5964
1596 237 11883
991 1236 10645
1076 1204 11144
1184 1164 11780
1468 114 10618
413 700 4991
1267 852 11425
131 182 1463
1170 1540 12810
109 740 2983
168 1295 5061
1620 1821 16803
523 1526 8239
271 1547 6538
1226 815 11027
465 1069 6462
1602 1111 14547
488 1288 7280
1572 861 13587
528 631 5589
1537 788 13123
736 1727 10333
907 94 6631
307 1568 6853
1245 1875 14340
1487 775 12734
104 1910 6458
970 1286 10648
509 217 4214
210 1276 5298
361 1189 6094
342 1993 8373
1786 1120 15862
142 786 3352
1090 1705 12745
176 932 4028
279 1059 5130
661 706 6745
857 1832 11495
1188 570 10026
592 1615 8989
738 446 6504
1397 1802 15185
316 818 4666
757 1392 9475
283 1492 6457
812 1508 10208
701 1892 10583
245 1958 7589
137 6 977
1443 334 11103
1776 195 13017
1964 1551 18401
1310 1550 13820
1605 212 11871
1623 285 12216
166 897 3853
1086 1097 10893
1322 1049 12401
1747 1730 17419
1205 190 9005
1105 531 9328
1896 1788 18636
1319 654 11195
1713 1533 16590
376 1996 8620
1877 718 15293
140 1789 6347
1746 1360 16302
923 1081 9704
1893 210 13881
1396 216 10420
1056 1161 10875
820 846 8278
1916 515 14957
1026 1828 12666
1591 1021 14200
1918 301 14329
856 1221 9655
5 756 2303
1835 1941 18668
254 1668 6782
1036 1971 13165
1077 1029 10626
289 1437 6334
949 1474 11065
619 1682 9379
1176 1589 12999
530 1423 7979
723 1778 10395
1813 321 13654
1470 1656 15258
1151 1840 13577
299 1612 6929
1626 922 14148
1395 221 10428
1016 1757 12383
531 773 6036
1002 1048 10158
1987 1326 17887
627 93 4668
1940 1604 18392
119 1186 4391
1355 1818 14939
90 769 2937
1954 1574 18400
922 83 6703
388 1231 6409
1941 1901 19290
1403 1951 15674
336 1652 7308
408 1182 6402
1989 602 15729
322 971 5167
1143 929 10788
1527 35 10794
694 4 4870
1539 1868 16377
126 1618 5736
1862 201 13637
1196 702 10478
1020 335 8145
845 835 8420
644 560 6188
996 18 7026
344 727 4589
1874 1487 17579
1330 774 11632
129 427 2184
1509 310 11493
20 951 2993
1042 465 8689
1192 1535 12949
1782 586 14232
267 97 2160
838 837 8377
1938 567 15267
290 339 3047
886 1086 9460
1902 510 14844
1326 1805 14697
1490 1596 15218
1407 473 11268
375 1521 7188
1851 1600 17757
309 425 3438
1691 1578 16571
544 1684 8860
1469 92 10559
1833 1572 17547
1671 1169 15204
1071 1130 10887
1049 1633 12242
1451 119 10514
1259 1224 12485
1803 765 14916
1178 1484 12698
317 1123 5588
696 646 6810
1618 1697 16417
1373 1294 13493
1179 407 9474
348 1214 6078
962 1354 10796
280 1310 5890
399 962 5679
337 496 3847
1885 1367 17296
490 669 5437
1412 1563 14573
559 545 5548
200 1624 6272
1103 787 10082
789 128 5907
253 871 4384
792 329 6531
588 1025 7191
1510 279 11407
692 1880 10484
421 1867 8548
774 1984 11370
426 1196 6570
924 1794 11850
1200 939 11217
1900 1913 19039
1979 1676 18881
632 1026 7502
1372 1347 13645
1552 731 13057
1768 49 12523
800 268 6404
1097 1268 11483
990 278 7764
1492 859 13021
1393 1495 14236
794 464 6950
220 374 2662
566 1365 8057
1824 1191 16341
1315 462 10591
1588 1623 15985
1342 662 11380
1706 587 13703
1065 141 7878
1559 426 12191
1320 1142 12666
237 1385 5814
590 405 5345
1821 1440 17067
1949 644 15575
1249 1520 13303
452 690 5234
1644 1389 15675
1657 1839 17116
705 342 5961
211 1955 7342
1512 834 13086
606 1677 9273
1826 1992 18758
728 811 7529
1846 145 13357
246 1444 6054
1633 1775 16756
915 1471 10818
1810 1480 17110
917 630 8309
1566 413 12201
1420 1895 15625
445 1252 6871
700 1037 8011
844 433 7207
878 1938 11960
1260 1262 12606
1233 1192 12207
714 1415 9243
1444 1449 14455
1758 484 13758
778 956 8314
1384 1016 12736
416 1869 8519
706 1306 8860
495 1254 7227
1041 566 8985
776 371 6545
335 1190 5915
1088 1857 13187
1844 779 15245
1571 1548 15641
1630 1162 14896
1688 1353 15875
1714 1249 15745
891 795 8622
1152 1979 14001
1089 1972 13539
1927 1217 17140
1185 632 10191
485 447 4736
1966 1843 19291
1914 41 13521
1742 1062 15380
46 785 2677
1163 1787 13502
1057 1213 11038
754 1473 9697
623 558 6035
1191 1771 13650
1450 343 11179
1497 245 11214
1615 865 13900
1343 1007 12422
704 1456 9296
326 1134 5684
1155 838 10599
1597 211 11812
1636 1185 15007
1195 1461 12748
1598 344 12218
587 1275 7934
208 720 3616
1521 1960 16527
146 1223 4691
1984 155 14353
945 829 9102
1616 730 13502
837 622 7725
1910 273 14189
320 474 3662
1425 899 12672
1378 449 10993
304 1963 8017
386 839 5219
270 165 2385
347 1976 8357
1739 1200 15773
1715 1284 15857
966 575 8487
1435 458 11419
244 1251 5461
1018 701 9229
1332 875 11949
1128 25 7971
266 398 3056
417 1245 6654
145 1646 5953
49 1806 5761
1093 1724 12823
188 489 2783
982 976 9802
1409 332 10859
1528 1712 15832
1270 1650 13840
788 505 7031
1831 106 13135
1139 860 10553
1434 1506 14556
72 750 2754
1100 257 8471
750 274 6072
512 1315 7529
751 1256 9025
936 1397 10743
695 562 6551
1683 323 12750
1038 366 8364
170 1772 6506
1131 940 10737
556 1075 7117
905 1734 11537
1177 596 10027
28 33 295
1 579 1744
1401 533 11406
187 385 2464
19 1019 3190
1965 1538 18369
572 1218 7658
1358 312 10442
1235 1920 14405
762 246 6072
1888 1027 16297
1686 63 11991
1429 434 11305
997 1726 12157
983 183 7430
1649 1686 16601
1603 235 11926
654 483 6027
1480 1411 14593
1789 1077 15754
1224 1776 13896
1659 538 13227
1218 1888 14190
458 1784 8558
207 767 3750
957 107 7020
1547 876 13457
1998 401 15189
1010 794 9452
1929 1893 19182
60 1909 6147
1059 1318 11367
364 1740 7768
652 1375 8689
642 357 5565
4 759 2305
1553 1637 15782
338 1104 5678
257 372 2915
123 1229 4548
1760 1344 16352
1518 692 12702
1737 1725 17334
906 1309 10269
1860 88 13284
30 985 3165
174 386 2376
1865 923 15824
1413 81 10134
68 911 3209
475 352 4381
1298 1752 14342
1999 1881 19636
582 423 5343
959 1721 11876
1119 500 9333
396 1681 7815
1901 747 15548
1180 304 9172
1334 1242 13064
676 255 5497
139 1581 5716
1252 592 10540
1701 1700 17007
1317 1139 12636
1019 721 9296
958 1493 11185
1288 709 11143
1555 130 11275
1611 728 13461
1601 493 12686
1058 384 8558
234 857 4209
1333 1864 14923
1232 542 10250
947 351 7682
1193 1464 12743
1567 574 12691
1926 1132 16878
203 459 2798
1670 1066 14888
128 1060 4076
1725 790 14445
53 287 1232
609 1606 9081
315 369 3312
1268 999 11873
194 1665 6353
1542 1751 16047
117 1565 5514
1145 1330 12005
806 1929 11429
1583 683 13130
1932 1058 16698
1285 1416 13243
1761 977 15258
202 1645 6349
424 1566 7666
887 475 7634
554 1798 9272
1794 1853 18117
215 1328 5489
225 800 3975
1944 694 15690
772 1447 9745
682 652 6730
449 741 5366
1158 1968 14010
1684 1689 16855
1053 1889 13038
236 1659 6629
743 1290 9071
599 1925 9968
1327 1505 13804
507 1564 8241
955 603 8494
1099 1018 10747
631 833 6916
1262 620 10694
1783 814 14923
11 1865 5672
744 995 8193
1700 1135 15305
1915 1906 19123
1508 1522 15122
935 1915 12290
938 291 7439
1726 1922 17848
548 1647 8777
